camera_matrix:
- - 687.5265698993578
  - 0.0
  - 638.7820053036214
- - 0.0
  - 686.2606607686919
  - 339.70162761373535
- - 0.0
  - 0.0
  - 1.0
dist_coeffs:
- - -0.303255599252603
  - 0.10938660731431886
  - 0.0004417868649424183
  - -0.0031809462740693462
  - -0.01873825069462453
